ћес€ц	—реднее число п€тен
01.1749	58.0
02.1749	62.6
03.1749	70.0
04.1749	55.7
05.1749	85.0
06.1749	83.5
07.1749	94.8
08.1749	66.3
09.1749	75.9
10.1749	75.5
11.1749	158.6
12.1749	85.2
01.1750	73.3
02.1750	75.9
03.1750	89.2
04.1750	88.3
05.1750	90.0
06.1750	100.0
07.1750	85.4
08.1750	103.0
09.1750	91.2
10.1750	65.7
11.1750	63.3
12.1750	75.4
01.1751	70.0
02.1751	43.5
03.1751	45.3
04.1751	56.4
05.1751	60.7
06.1751	50.7
07.1751	66.3
08.1751	59.8
09.1751	23.5
10.1751	23.2
11.1751	28.5
12.1751	44.0
01.1752	35.0
02.1752	50.0
03.1752	71.0
04.1752	59.3
05.1752	59.7
06.1752	39.6
07.1752	78.4
08.1752	29.3
09.1752	27.1
10.1752	46.6
11.1752	37.6
12.1752	40.0
01.1753	44.0
02.1753	32.0
03.1753	45.7
04.1753	38.0
05.1753	36.0
06.1753	31.7
07.1753	22.0
08.1753	39.0
09.1753	28.0
10.1753	25.0
11.1753	20.0
12.1753	6.7
01.1754	0.0
02.1754	3.0
03.1754	1.7
04.1754	13.7
05.1754	20.7
06.1754	26.7
07.1754	18.8
08.1754	12.3
09.1754	8.2
10.1754	24.1
11.1754	13.2
12.1754	4.2
01.1755	10.2
02.1755	11.2
03.1755	6.8
04.1755	6.5
05.1755	0.0
06.1755	0.0
07.1755	8.6
08.1755	3.2
09.1755	17.8
10.1755	23.7
11.1755	6.8
12.1755	20.0
01.1756	12.5
02.1756	7.1
03.1756	5.4
04.1756	9.4
05.1756	12.5
06.1756	12.9
07.1756	3.6
08.1756	6.4
09.1756	11.8
10.1756	14.3
11.1756	17.0
12.1756	9.4
01.1757	14.1
02.1757	21.2
03.1757	26.2
04.1757	30.0
05.1757	38.1
06.1757	12.8
07.1757	25.0
08.1757	51.3
09.1757	39.7
10.1757	32.5
11.1757	64.7
12.1757	33.5
01.1758	37.6
02.1758	52.0
03.1758	49.0
04.1758	72.3
05.1758	46.4
06.1758	45.0
07.1758	44.0
08.1758	38.7
09.1758	62.5
10.1758	37.7
11.1758	43.0
12.1758	43.0
01.1759	48.3
02.1759	44.0
03.1759	46.8
04.1759	47.0
05.1759	49.0
06.1759	50.0
07.1759	51.0
08.1759	71.3
09.1759	77.2
10.1759	59.7
11.1759	46.3
12.1759	57.0
01.1760	67.3
02.1760	59.5
03.1760	74.7
04.1760	58.3
05.1760	72.0
06.1760	48.3
07.1760	66.0
08.1760	75.6
09.1760	61.3
10.1760	50.6
11.1760	59.7
12.1760	61.0
01.1761	70.0
02.1761	91.0
03.1761	80.7
04.1761	71.7
05.1761	107.2
06.1761	99.3
07.1761	94.1
08.1761	91.1
09.1761	100.7
10.1761	88.7
11.1761	89.7
12.1761	46.0
01.1762	43.8
02.1762	72.8
03.1762	45.7
04.1762	60.2
05.1762	39.9
06.1762	77.1
07.1762	33.8
08.1762	67.7
09.1762	68.5
10.1762	69.3
11.1762	77.8
12.1762	77.2
01.1763	56.5
02.1763	31.9
03.1763	34.2
04.1763	32.9
05.1763	32.7
06.1763	35.8
07.1763	54.2
08.1763	26.5
09.1763	68.1
10.1763	46.3
11.1763	60.9
12.1763	61.4
01.1764	59.7
02.1764	59.7
03.1764	40.2
04.1764	34.4
05.1764	44.3
06.1764	30.0
07.1764	30.0
08.1764	30.0
09.1764	28.2
10.1764	28.0
11.1764	26.0
12.1764	25.7
01.1765	24.0
02.1765	26.0
03.1765	25.0
04.1765	22.0
05.1765	20.2
06.1765	20.0
07.1765	27.0
08.1765	29.7
09.1765	16.0
10.1765	14.0
11.1765	14.0
12.1765	13.0
01.1766	12.0
02.1766	11.0
03.1766	36.6
04.1766	6.0
05.1766	26.8
06.1766	3.0
07.1766	3.3
08.1766	4.0
09.1766	4.3
10.1766	5.0
11.1766	5.7
12.1766	19.2
01.1767	27.4
02.1767	30.0
03.1767	43.0
04.1767	32.9
05.1767	29.8
06.1767	33.3
07.1767	21.9
08.1767	40.8
09.1767	42.7
10.1767	44.1
11.1767	54.7
12.1767	53.3
01.1768	53.5
02.1768	66.1
03.1768	46.3
04.1768	42.7
05.1768	77.7
06.1768	77.4
07.1768	52.6
08.1768	66.8
09.1768	74.8
10.1768	77.8
11.1768	90.6
12.1768	111.8
01.1769	73.9
02.1769	64.2
03.1769	64.3
04.1769	96.7
05.1769	73.6
06.1769	94.4
07.1769	118.6
08.1769	120.3
09.1769	148.8
10.1769	158.2
11.1769	148.1
12.1769	112.0
01.1770	104.0
02.1770	142.5
03.1770	80.1
04.1770	51.0
05.1770	70.1
06.1770	83.3
07.1770	109.8
08.1770	126.3
09.1770	104.4
10.1770	103.6
11.1770	132.2
12.1770	102.3
01.1771	36.0
02.1771	46.2
03.1771	46.7
04.1771	64.9
05.1771	152.7
06.1771	119.5
07.1771	67.7
08.1771	58.5
09.1771	101.4
10.1771	90.0
11.1771	99.7
12.1771	95.7
01.1772	100.9
02.1772	90.8
03.1772	31.1
04.1772	92.2
05.1772	38.0
06.1772	57.0
07.1772	77.3
08.1772	56.2
09.1772	50.5
10.1772	78.6
11.1772	61.3
12.1772	64.0
01.1773	54.6
02.1773	29.0
03.1773	51.2
04.1773	32.9
05.1773	41.1
06.1773	28.4
07.1773	27.7
08.1773	12.7
09.1773	29.3
10.1773	26.3
11.1773	40.9
12.1773	43.2
01.1774	46.8
02.1774	65.4
03.1774	55.7
04.1774	43.8
05.1774	51.3
06.1774	28.5
07.1774	17.5
08.1774	6.6
09.1774	7.9
10.1774	14.0
11.1774	17.7
12.1774	12.2
01.1775	4.4
02.1775	0.0
03.1775	11.6
04.1775	11.2
05.1775	3.9
06.1775	12.3
07.1775	1.0
08.1775	7.9
09.1775	3.2
10.1775	5.6
11.1775	15.1
12.1775	7.9
01.1776	21.7
02.1776	11.6
03.1776	6.3
04.1776	21.8
05.1776	11.2
06.1776	19.0
07.1776	1.0
08.1776	24.2
09.1776	16.0
10.1776	30.0
11.1776	35.0
12.1776	40.0
01.1777	45.0
02.1777	36.5
03.1777	39.0
04.1777	95.5
05.1777	80.3
06.1777	80.7
07.1777	95.0
08.1777	112.0
09.1777	116.2
10.1777	106.5
11.1777	146.0
12.1777	157.3
01.1778	177.3
02.1778	109.3
03.1778	134.0
04.1778	145.0
05.1778	238.9
06.1778	171.6
07.1778	153.0
08.1778	140.0
09.1778	171.7
10.1778	156.3
11.1778	150.3
12.1778	105.0
01.1779	114.7
02.1779	165.7
03.1779	118.0
04.1779	145.0
05.1779	140.0
06.1779	113.7
07.1779	143.0
08.1779	112.0
09.1779	111.0
10.1779	124.0
11.1779	114.0
12.1779	110.0
01.1780	70.0
02.1780	98.0
03.1780	98.0
04.1780	95.0
05.1780	107.2
06.1780	88.0
07.1780	86.0
08.1780	86.0
09.1780	93.7
10.1780	77.0
11.1780	60.0
12.1780	58.7
01.1781	98.7
02.1781	74.7
03.1781	53.0
04.1781	68.3
05.1781	104.7
06.1781	97.7
07.1781	73.5
08.1781	66.0
09.1781	51.0
10.1781	27.3
11.1781	67.0
12.1781	35.2
01.1782	54.0
02.1782	37.5
03.1782	37.0
04.1782	41.0
05.1782	54.3
06.1782	38.0
07.1782	37.0
08.1782	44.0
09.1782	34.0
10.1782	23.2
11.1782	31.5
12.1782	30.0
01.1783	28.0
02.1783	38.7
03.1783	26.7
04.1783	28.3
05.1783	23.0
06.1783	25.2
07.1783	32.2
08.1783	20.0
09.1783	18.0
10.1783	8.0
11.1783	15.0
12.1783	10.5
01.1784	13.0
02.1784	8.0
03.1784	11.0
04.1784	10.0
05.1784	6.0
06.1784	9.0
07.1784	6.0
08.1784	10.0
09.1784	10.0
10.1784	8.0
11.1784	17.0
12.1784	14.0
01.1785	6.5
02.1785	8.0
03.1785	9.0
04.1785	15.7
05.1785	20.7
06.1785	26.3
07.1785	36.3
08.1785	20.0
09.1785	32.0
10.1785	47.2
11.1785	40.2
12.1785	27.3
01.1786	37.2
02.1786	47.6
03.1786	47.7
04.1786	85.4
05.1786	92.3
06.1786	59.0
07.1786	83.0
08.1786	89.7
09.1786	111.5
10.1786	112.3
11.1786	116.0
12.1786	112.7
01.1787	134.7
02.1787	106.0
03.1787	87.4
04.1787	127.2
05.1787	134.8
06.1787	99.2
07.1787	128.0
08.1787	137.2
09.1787	157.3
10.1787	157.0
11.1787	141.5
12.1787	174.0
01.1788	138.0
02.1788	129.2
03.1788	143.3
04.1788	108.5
05.1788	113.0
06.1788	154.2
07.1788	141.5
08.1788	136.0
09.1788	141.0
10.1788	142.0
11.1788	94.7
12.1788	129.5
01.1789	114.0
02.1789	125.3
03.1789	120.0
04.1789	123.3
05.1789	123.5
06.1789	120.0
07.1789	117.0
08.1789	103.0
09.1789	112.0
10.1789	89.7
11.1789	134.0
12.1789	135.5
01.1790	103.0
02.1790	127.5
03.1790	96.3
04.1790	94.0
05.1790	93.0
06.1790	91.0
07.1790	69.3
08.1790	87.0
09.1790	77.3
10.1790	84.3
11.1790	82.0
12.1790	74.0
01.1791	72.7
02.1791	62.0
03.1791	74.0
04.1791	77.2
05.1791	73.7
06.1791	64.2
07.1791	71.0
08.1791	43.0
09.1791	66.5
10.1791	61.7
11.1791	67.0
12.1791	66.0
01.1792	58.0
02.1792	64.0
03.1792	63.0
04.1792	75.7
05.1792	62.0
06.1792	61.0
07.1792	45.8
08.1792	60.0
09.1792	59.0
10.1792	59.0
11.1792	57.0
12.1792	56.0
01.1793	56.0
02.1793	55.0
03.1793	55.5
04.1793	53.0
05.1793	52.3
06.1793	51.0
07.1793	50.0
08.1793	29.3
09.1793	24.0
10.1793	47.0
11.1793	44.0
12.1793	45.7
01.1794	45.0
02.1794	44.0
03.1794	38.0
04.1794	28.4
05.1794	55.7
06.1794	41.5
07.1794	41.0
08.1794	40.0
09.1794	11.1
10.1794	28.5
11.1794	67.4
12.1794	51.4
01.1795	21.4
02.1795	39.9
03.1795	12.6
04.1795	18.6
05.1795	31.0
06.1795	17.1
07.1795	12.9
08.1795	25.7
09.1795	13.5
10.1795	19.5
11.1795	25.0
12.1795	18.0
01.1796	22.0
02.1796	23.8
03.1796	15.7
04.1796	31.7
05.1796	21.0
06.1796	6.7
07.1796	26.9
08.1796	1.5
09.1796	18.4
10.1796	11.0
11.1796	8.4
12.1796	5.1
01.1797	14.4
02.1797	4.2
03.1797	4.0
04.1797	4.0
05.1797	7.3
06.1797	11.1
07.1797	4.3
08.1797	6.0
09.1797	5.7
10.1797	6.9
11.1797	5.8
12.1797	3.0
01.1798	2.0
02.1798	4.0
03.1798	12.4
04.1798	1.1
05.1798	0.0
06.1798	0.0
07.1798	0.0
08.1798	3.0
09.1798	2.4
10.1798	1.5
11.1798	12.5
12.1798	9.9
01.1799	1.6
02.1799	12.6
03.1799	21.7
04.1799	8.4
05.1799	8.2
06.1799	10.6
07.1799	2.1
08.1799	0.0
09.1799	0.0
10.1799	4.6
11.1799	2.7
12.1799	8.6
01.1800	6.9
02.1800	9.3
03.1800	13.9
04.1800	0.0
05.1800	5.0
06.1800	23.7
07.1800	21.0
08.1800	19.5
09.1800	11.5
10.1800	12.3
11.1800	10.5
12.1800	40.1
01.1801	27.0
02.1801	29.0
03.1801	30.0
04.1801	31.0
05.1801	32.0
06.1801	31.2
07.1801	35.0
08.1801	38.7
09.1801	33.5
10.1801	32.6
11.1801	39.8
12.1801	48.2
01.1802	47.8
02.1802	47.0
03.1802	40.8
04.1802	42.0
05.1802	44.0
06.1802	46.0
07.1802	48.0
08.1802	50.0
09.1802	51.8
10.1802	38.5
11.1802	34.5
12.1802	50.0
01.1803	50.0
02.1803	50.8
03.1803	29.5
04.1803	25.0
05.1803	44.3
06.1803	36.0
07.1803	48.3
08.1803	34.1
09.1803	45.3
10.1803	54.3
11.1803	51.0
12.1803	48.0
01.1804	45.3
02.1804	48.3
03.1804	48.0
04.1804	50.6
05.1804	33.4
06.1804	34.8
07.1804	29.8
08.1804	43.1
09.1804	53.0
10.1804	62.3
11.1804	61.0
12.1804	60.0
01.1805	61.0
02.1805	44.1
03.1805	51.4
04.1805	37.5
05.1805	39.0
06.1805	40.5
07.1805	37.6
08.1805	42.7
09.1805	44.4
10.1805	29.4
11.1805	41.0
12.1805	38.3
01.1806	39.0
02.1806	29.6
03.1806	32.7
04.1806	27.7
05.1806	26.4
06.1806	25.6
07.1806	30.0
08.1806	26.3
09.1806	24.0
10.1806	27.0
11.1806	25.0
12.1806	24.0
01.1807	12.0
02.1807	12.2
03.1807	9.6
04.1807	23.8
05.1807	10.0
06.1807	12.0
07.1807	12.7
08.1807	12.0
09.1807	5.7
10.1807	8.0
11.1807	2.6
12.1807	0.0
01.1808	0.0
02.1808	4.5
03.1808	0.0
04.1808	12.3
05.1808	13.5
06.1808	13.5
07.1808	6.7
08.1808	8.0
09.1808	11.7
10.1808	4.7
11.1808	10.5
12.1808	12.3
01.1809	7.2
02.1809	9.2
03.1809	0.9
04.1809	2.5
05.1809	2.0
06.1809	7.7
07.1809	0.3
08.1809	0.2
09.1809	0.4
10.1809	0.0
11.1809	0.0
12.1809	0.0
01.1810	0.0
02.1810	0.0
03.1810	0.0
04.1810	0.0
05.1810	0.0
06.1810	0.0
07.1810	0.0
08.1810	0.0
09.1810	0.0
10.1810	0.0
11.1810	0.0
12.1810	0.0
01.1811	0.0
02.1811	0.0
03.1811	0.0
04.1811	0.0
05.1811	0.0
06.1811	0.0
07.1811	6.6
08.1811	0.0
09.1811	2.4
10.1811	6.1
11.1811	0.8
12.1811	1.1
01.1812	11.3
02.1812	1.9
03.1812	0.7
04.1812	0.0
05.1812	1.0
06.1812	1.3
07.1812	0.5
08.1812	15.6
09.1812	5.2
10.1812	3.9
11.1812	7.9
12.1812	10.1
01.1813	0.0
02.1813	10.3
03.1813	1.9
04.1813	16.6
05.1813	5.5
06.1813	11.2
07.1813	18.3
08.1813	8.4
09.1813	15.3
10.1813	27.8
11.1813	16.7
12.1813	14.3
01.1814	22.2
02.1814	12.0
03.1814	5.7
04.1814	23.8
05.1814	5.8
06.1814	14.9
07.1814	18.5
08.1814	2.3
09.1814	8.1
10.1814	19.3
11.1814	14.5
12.1814	20.1
01.1815	19.2
02.1815	32.2
03.1815	26.2
04.1815	31.6
05.1815	9.8
06.1815	55.9
07.1815	35.5
08.1815	47.2
09.1815	31.5
10.1815	33.5
11.1815	37.2
12.1815	65.0
01.1816	26.3
02.1816	68.8
03.1816	73.7
04.1816	58.8
05.1816	44.3
06.1816	43.6
07.1816	38.8
08.1816	23.2
09.1816	47.8
10.1816	56.4
11.1816	38.1
12.1816	29.9
01.1817	36.4
02.1817	57.9
03.1817	96.2
04.1817	26.4
05.1817	21.2
06.1817	40.0
07.1817	50.0
08.1817	45.0
09.1817	36.7
10.1817	25.6
11.1817	28.9
12.1817	28.4
01.1818	34.9
02.1818	22.4
03.1818	25.4
04.1818	34.5
05.1818	53.1
06.1818	36.4
07.1818	28.0
08.1818	31.5
09.1818	26.1
10.1818	31.6
11.1818	10.9
12.1818	25.8
01.1819	32.8
02.1819	20.7
03.1819	3.7
04.1819	20.2
05.1819	19.6
06.1819	35.0
07.1819	31.4
08.1819	26.1
09.1819	14.9
10.1819	27.5
11.1819	25.1
12.1819	30.6
01.1820	19.2
02.1820	26.6
03.1820	4.5
04.1820	19.4
05.1820	29.3
06.1820	10.8
07.1820	20.6
08.1820	25.9
09.1820	5.2
10.1820	8.9
11.1820	7.9
12.1820	9.1
01.1821	21.5
02.1821	4.2
03.1821	5.7
04.1821	9.2
05.1821	1.7
06.1821	1.8
07.1821	2.5
08.1821	4.8
09.1821	4.4
10.1821	18.8
11.1821	4.4
12.1821	0.2
01.1822	0.0
02.1822	0.9
03.1822	16.1
04.1822	13.5
05.1822	1.5
06.1822	5.6
07.1822	7.9
08.1822	2.1
09.1822	0.0
10.1822	0.4
11.1822	0.0
12.1822	0.0
01.1823	0.0
02.1823	0.0
03.1823	0.6
04.1823	0.0
05.1823	0.0
06.1823	0.0
07.1823	0.5
08.1823	0.0
09.1823	0.0
10.1823	0.0
11.1823	0.0
12.1823	20.4
01.1824	21.7
02.1824	10.8
03.1824	0.0
04.1824	19.4
05.1824	2.8
06.1824	0.0
07.1824	0.0
08.1824	1.4
09.1824	20.5
10.1824	25.2
11.1824	0.0
12.1824	0.8
01.1825	5.0
02.1825	15.5
03.1825	22.4
04.1825	3.8
05.1825	15.5
06.1825	15.4
07.1825	30.9
08.1825	25.7
09.1825	15.7
10.1825	15.6
11.1825	11.7
12.1825	22.0
01.1826	17.7
02.1826	18.2
03.1826	36.7
04.1826	24.0
05.1826	32.4
06.1826	37.1
07.1826	52.5
08.1826	39.6
09.1826	18.9
10.1826	50.6
11.1826	39.5
12.1826	68.1
01.1827	34.6
02.1827	47.4
03.1827	57.8
04.1827	46.0
05.1827	56.3
06.1827	56.7
07.1827	42.3
08.1827	53.7
09.1827	49.6
10.1827	56.1
11.1827	48.2
12.1827	46.1
01.1828	52.8
02.1828	64.4
03.1828	65.0
04.1828	61.1
05.1828	89.1
06.1828	98.0
07.1828	54.2
08.1828	76.4
09.1828	50.4
10.1828	54.7
11.1828	57.0
12.1828	46.9
01.1829	43.0
02.1829	49.4
03.1829	72.3
04.1829	95.0
05.1829	67.4
06.1829	73.9
07.1829	90.8
08.1829	77.6
09.1829	52.8
10.1829	57.2
11.1829	67.6
12.1829	56.5
01.1830	52.2
02.1830	72.1
03.1830	84.6
04.1830	106.3
05.1830	66.3
06.1830	65.1
07.1830	43.9
08.1830	50.7
09.1830	62.1
10.1830	84.4
11.1830	81.2
12.1830	82.1
01.1831	47.5
02.1831	50.1
03.1831	93.4
04.1831	54.5
05.1831	38.1
06.1831	33.4
07.1831	45.2
08.1831	55.0
09.1831	37.9
10.1831	46.3
11.1831	43.5
12.1831	28.9
01.1832	30.9
02.1832	55.6
03.1832	55.1
04.1832	26.9
05.1832	41.3
06.1832	26.7
07.1832	14.0
08.1832	8.9
09.1832	8.2
10.1832	21.1
11.1832	14.3
12.1832	27.5
01.1833	11.3
02.1833	14.9
03.1833	11.8
04.1833	2.8
05.1833	12.9
06.1833	1.0
07.1833	7.0
08.1833	5.7
09.1833	11.6
10.1833	7.5
11.1833	5.9
12.1833	9.9
01.1834	4.9
02.1834	18.1
03.1834	3.9
04.1834	1.4
05.1834	8.8
06.1834	7.8
07.1834	8.7
08.1834	4.0
09.1834	11.5
10.1834	24.8
11.1834	30.5
12.1834	34.5
01.1835	7.5
02.1835	24.5
03.1835	19.7
04.1835	61.5
05.1835	43.6
06.1835	33.2
07.1835	59.8
08.1835	59.0
09.1835	100.8
10.1835	95.2
11.1835	100.0
12.1835	77.5
01.1836	88.6
02.1836	107.6
03.1836	98.2
04.1836	142.9
05.1836	111.4
06.1836	124.7
07.1836	116.7
08.1836	107.8
09.1836	95.1
10.1836	137.4
11.1836	120.9
12.1836	206.2
01.1837	188.0
02.1837	175.6
03.1837	134.6
04.1837	138.2
05.1837	111.7
06.1837	158.0
07.1837	162.8
08.1837	134.0
09.1837	96.3
10.1837	123.7
11.1837	107.0
12.1837	129.8
01.1838	144.9
02.1838	84.8
03.1838	140.8
04.1838	126.6
05.1838	137.6
06.1838	94.5
07.1838	108.2
08.1838	78.8
09.1838	73.6
10.1838	90.8
11.1838	77.4
12.1838	79.8
01.1839	105.6
02.1839	102.5
03.1839	77.7
04.1839	61.8
05.1839	53.8
06.1839	54.6
07.1839	84.8
08.1839	131.2
09.1839	132.7
10.1839	90.9
11.1839	68.8
12.1839	63.7
01.1840	81.2
02.1840	87.7
03.1840	67.8
04.1840	65.9
05.1840	69.2
06.1840	48.5
07.1840	60.7
08.1840	57.8
09.1840	74.0
10.1840	55.0
11.1840	54.3
12.1840	53.7
01.1841	24.1
02.1841	29.9
03.1841	29.7
04.1841	40.2
05.1841	67.5
06.1841	55.7
07.1841	30.8
08.1841	39.3
09.1841	36.5
10.1841	28.5
11.1841	19.8
12.1841	38.8
01.1842	20.4
02.1842	22.1
03.1842	21.7
04.1842	26.9
05.1842	24.9
06.1842	20.5
07.1842	12.6
08.1842	26.6
09.1842	18.4
10.1842	38.1
11.1842	40.5
12.1842	17.6
01.1843	13.3
02.1843	3.5
03.1843	8.3
04.1843	9.5
05.1843	21.1
06.1843	10.5
07.1843	9.5
08.1843	11.8
09.1843	4.2
10.1843	5.3
11.1843	19.1
12.1843	12.7
01.1844	9.4
02.1844	14.7
03.1844	13.6
04.1844	20.8
05.1844	11.6
06.1844	3.7
07.1844	21.2
08.1844	23.9
09.1844	7.0
10.1844	21.5
11.1844	10.7
12.1844	21.6
01.1845	25.7
02.1845	43.6
03.1845	43.3
04.1845	57.0
05.1845	47.8
06.1845	31.1
07.1845	30.6
08.1845	32.3
09.1845	29.6
10.1845	40.7
11.1845	39.4
12.1845	59.7
01.1846	38.7
02.1846	51.0
03.1846	63.9
04.1846	69.3
05.1846	59.9
06.1846	65.1
07.1846	46.5
08.1846	54.8
09.1846	107.1
10.1846	55.9
11.1846	60.4
12.1846	65.5
01.1847	62.6
02.1847	44.9
03.1847	85.7
04.1847	44.7
05.1847	75.4
06.1847	85.3
07.1847	52.2
08.1847	140.6
09.1847	160.9
10.1847	180.4
11.1847	138.9
12.1847	109.6
01.1848	159.1
02.1848	111.8
03.1848	108.6
04.1848	107.1
05.1848	102.2
06.1848	129.0
07.1848	139.2
08.1848	132.6
09.1848	100.3
10.1848	132.4
11.1848	114.6
12.1848	159.5
01.1849	157.0
02.1849	131.7
03.1849	96.2
04.1849	102.5
05.1849	80.6
06.1849	81.1
07.1849	78.0
08.1849	67.7
09.1849	93.7
10.1849	71.5
11.1849	99.0
12.1849	97.0
01.1850	78.0
02.1850	89.4
03.1850	82.6
04.1850	44.1
05.1850	61.6
06.1850	70.0
07.1850	39.1
08.1850	61.6
09.1850	86.2
10.1850	71.0
11.1850	54.8
12.1850	61.0
01.1851	75.5
02.1851	105.4
03.1851	64.6
04.1851	56.5
05.1851	62.6
06.1851	63.2
07.1851	36.1
08.1851	57.4
09.1851	67.9
10.1851	62.5
11.1851	51.0
12.1851	71.4
01.1852	68.4
02.1852	66.4
03.1852	61.2
04.1852	65.4
05.1852	54.9
06.1852	46.9
07.1852	42.1
08.1852	39.7
09.1852	37.5
10.1852	67.3
11.1852	54.3
12.1852	45.4
01.1853	41.1
02.1853	42.9
03.1853	37.7
04.1853	47.6
05.1853	34.7
06.1853	40.0
07.1853	45.9
08.1853	50.4
09.1853	33.5
10.1853	42.3
11.1853	28.8
12.1853	23.4
01.1854	15.4
02.1854	20.0
03.1854	20.7
04.1854	26.5
05.1854	24.0
06.1854	21.1
07.1854	18.7
08.1854	15.8
09.1854	22.4
10.1854	12.6
11.1854	28.2
12.1854	21.6
01.1855	12.3
02.1855	11.4
03.1855	17.4
04.1855	4.4
05.1855	9.1
06.1855	5.3
07.1855	0.4
08.1855	3.1
09.1855	0.0
10.1855	9.6
11.1855	4.2
12.1855	3.1
01.1856	0.5
02.1856	4.9
03.1856	0.4
04.1856	6.5
05.1856	0.0
06.1856	5.2
07.1856	4.6
08.1856	5.9
09.1856	4.4
10.1856	4.5
11.1856	7.7
12.1856	7.2
01.1857	13.7
02.1857	7.4
03.1857	5.2
04.1857	11.1
05.1857	28.6
06.1857	16.0
07.1857	22.2
08.1857	16.9
09.1857	42.4
10.1857	40.6
11.1857	31.4
12.1857	37.2
01.1858	39.0
02.1858	34.9
03.1858	57.5
04.1858	38.3
05.1858	41.4
06.1858	44.5
07.1858	56.7
08.1858	55.3
09.1858	80.1
10.1858	91.2
11.1858	51.9
12.1858	66.9
01.1859	83.7
02.1859	87.6
03.1859	90.3
04.1859	85.7
05.1859	91.0
06.1859	87.1
07.1859	95.2
08.1859	106.8
09.1859	105.8
10.1859	114.6
11.1859	97.2
12.1859	81.0
01.1860	82.4
02.1860	88.3
03.1860	98.9
04.1860	71.4
05.1860	107.1
06.1860	108.6
07.1860	116.7
08.1860	100.3
09.1860	92.2
10.1860	90.1
11.1860	97.9
12.1860	95.6
01.1861	62.3
02.1861	77.7
03.1861	101.0
04.1861	98.5
05.1861	56.8
06.1861	88.1
07.1861	78.0
08.1861	82.5
09.1861	79.9
10.1861	67.2
11.1861	53.7
12.1861	80.5
01.1862	63.1
02.1862	64.5
03.1862	43.6
04.1862	53.7
05.1862	64.4
06.1862	84.0
07.1862	73.4
08.1862	62.5
09.1862	66.6
10.1862	41.9
11.1862	50.6
12.1862	40.9
01.1863	48.3
02.1863	56.7
03.1863	66.4
04.1863	40.6
05.1863	53.8
06.1863	40.8
07.1863	32.7
08.1863	48.1
09.1863	22.0
10.1863	39.9
11.1863	37.7
12.1863	41.2
01.1864	57.7
02.1864	47.1
03.1864	66.3
04.1864	35.8
05.1864	40.6
06.1864	57.8
07.1864	54.7
08.1864	54.8
09.1864	28.5
10.1864	33.9
11.1864	57.6
12.1864	28.6
01.1865	48.7
02.1865	39.3
03.1865	39.5
04.1865	29.4
05.1865	34.5
06.1865	33.6
07.1865	26.8
08.1865	37.8
09.1865	21.6
10.1865	17.1
11.1865	24.6
12.1865	12.8
01.1866	31.6
02.1866	38.4
03.1866	24.6
04.1866	17.6
05.1866	12.9
06.1866	16.5
07.1866	9.3
08.1866	12.7
09.1866	7.3
10.1866	14.1
11.1866	9.0
12.1866	1.5
01.1867	0.0
02.1867	0.7
03.1867	9.2
04.1867	5.1
05.1867	2.9
06.1867	1.5
07.1867	5.0
08.1867	4.8
09.1867	9.8
10.1867	13.5
11.1867	9.6
12.1867	25.2
01.1868	15.6
02.1868	15.7
03.1868	26.5
04.1868	36.6
05.1868	26.7
06.1868	31.1
07.1868	29.0
08.1868	34.4
09.1868	47.2
10.1868	61.6
11.1868	59.1
12.1868	67.6
01.1869	60.9
02.1869	59.9
03.1869	52.7
04.1869	41.0
05.1869	103.9
06.1869	108.4
07.1869	59.2
08.1869	79.6
09.1869	80.6
10.1869	59.3
11.1869	78.1
12.1869	104.3
01.1870	77.3
02.1870	114.9
03.1870	157.6
04.1870	160.0
05.1870	176.0
06.1870	135.6
07.1870	132.4
08.1870	153.8
09.1870	136.0
10.1870	146.4
11.1870	147.5
12.1870	130.0
01.1871	88.3
02.1871	125.3
03.1871	143.2
04.1871	162.4
05.1871	145.5
06.1871	91.7
07.1871	103.0
08.1871	110.1
09.1871	80.3
10.1871	89.0
11.1871	105.4
12.1871	90.4
01.1872	79.5
02.1872	120.1
03.1872	88.4
04.1872	102.1
05.1872	107.6
06.1872	109.9
07.1872	105.5
08.1872	92.9
09.1872	114.6
10.1872	102.6
11.1872	112.0
12.1872	83.9
01.1873	86.7
02.1873	107.0
03.1873	98.3
04.1873	76.2
05.1873	47.9
06.1873	44.8
07.1873	66.9
08.1873	68.2
09.1873	47.1
10.1873	47.1
11.1873	55.4
12.1873	49.2
01.1874	60.8
02.1874	64.2
03.1874	46.4
04.1874	32.0
05.1874	44.6
06.1874	38.2
07.1874	67.8
08.1874	61.3
09.1874	28.0
10.1874	34.3
11.1874	28.9
12.1874	29.3
01.1875	14.6
02.1875	21.5
03.1875	33.8
04.1875	29.1
05.1875	11.5
06.1875	23.9
07.1875	12.5
08.1875	14.6
09.1875	2.4
10.1875	12.7
11.1875	17.7
12.1875	9.9
01.1876	14.3
02.1876	15.0
03.1876	30.6
04.1876	2.3
05.1876	5.1
06.1876	1.6
07.1876	15.2
08.1876	8.8
09.1876	9.9
10.1876	14.3
11.1876	9.9
12.1876	8.2
01.1877	24.4
02.1877	8.7
03.1877	11.9
04.1877	15.8
05.1877	21.6
06.1877	14.2
07.1877	6.0
08.1877	6.3
09.1877	16.9
10.1877	6.7
11.1877	14.2
12.1877	2.2
01.1878	3.3
02.1878	6.6
03.1878	7.8
04.1878	0.1
05.1878	5.9
06.1878	6.4
07.1878	0.1
08.1878	0.0
09.1878	5.3
10.1878	1.1
11.1878	4.1
12.1878	0.5
01.1879	1.0
02.1879	0.6
03.1879	0.0
04.1879	6.2
05.1879	2.4
06.1879	4.8
07.1879	7.5
08.1879	10.7
09.1879	6.1
10.1879	12.3
11.1879	13.1
12.1879	7.3
01.1880	24.0
02.1880	27.2
03.1880	19.3
04.1880	19.5
05.1880	23.5
06.1880	34.1
07.1880	21.9
08.1880	48.1
09.1880	66.0
10.1880	43.0
11.1880	30.7
12.1880	29.6
01.1881	36.4
02.1881	53.2
03.1881	51.5
04.1881	51.6
05.1881	43.5
06.1881	60.5
07.1881	76.9
08.1881	58.4
09.1881	53.2
10.1881	64.4
11.1881	54.8
12.1881	47.3
01.1882	45.0
02.1882	69.5
03.1882	66.8
04.1882	95.8
05.1882	64.1
06.1882	45.2
07.1882	45.4
08.1882	40.4
09.1882	57.7
10.1882	59.2
11.1882	84.4
12.1882	41.8
01.1883	60.6
02.1883	46.9
03.1883	42.8
04.1883	82.1
05.1883	31.5
06.1883	76.3
07.1883	80.6
08.1883	46.0
09.1883	52.6
10.1883	83.8
11.1883	84.5
12.1883	75.9
01.1884	91.5
02.1884	86.9
03.1884	87.5
04.1884	76.1
05.1884	66.5
06.1884	51.2
07.1884	53.1
08.1884	55.8
09.1884	61.9
10.1884	47.8
11.1884	36.6
12.1884	47.2
01.1885	42.8
02.1885	71.8
03.1885	49.8
04.1885	55.0
05.1885	73.0
06.1885	83.7
07.1885	66.5
08.1885	50.0
09.1885	39.6
10.1885	38.7
11.1885	30.9
12.1885	21.7
01.1886	29.9
02.1886	25.9
03.1886	57.3
04.1886	43.7
05.1886	30.7
06.1886	27.1
07.1886	30.3
08.1886	16.9
09.1886	21.4
10.1886	8.6
11.1886	0.3
12.1886	13.0
01.1887	10.3
02.1887	13.2
03.1887	4.2
04.1887	6.9
05.1887	20.0
06.1887	15.7
07.1887	23.3
08.1887	21.4
09.1887	7.4
10.1887	6.6
11.1887	6.9
12.1887	20.7
01.1888	12.7
02.1888	7.1
03.1888	7.8
04.1888	5.1
05.1888	7.0
06.1888	7.1
07.1888	3.1
08.1888	2.8
09.1888	8.8
10.1888	2.1
11.1888	10.7
12.1888	6.7
01.1889	0.8
02.1889	8.5
03.1889	6.7
04.1889	4.3
05.1889	2.4
06.1889	6.4
07.1889	9.4
08.1889	20.6
09.1889	6.5
10.1889	2.1
11.1889	0.2
12.1889	6.7
01.1890	5.3
02.1890	0.6
03.1890	5.1
04.1890	1.6
05.1890	4.8
06.1890	1.3
07.1890	11.6
08.1890	8.5
09.1890	17.2
10.1890	11.2
11.1890	9.6
12.1890	7.8
01.1891	13.5
02.1891	22.2
03.1891	10.4
04.1891	20.5
05.1891	41.1
06.1891	48.3
07.1891	58.8
08.1891	33.0
09.1891	53.8
10.1891	51.5
11.1891	41.9
12.1891	32.5
01.1892	69.1
02.1892	75.6
03.1892	49.9
04.1892	69.6
05.1892	79.6
06.1892	76.3
07.1892	76.5
08.1892	101.4
09.1892	62.8
10.1892	70.5
11.1892	65.4
12.1892	78.6
01.1893	75.0
02.1893	73.0
03.1893	65.7
04.1893	88.1
05.1893	84.7
06.1893	89.9
07.1893	88.6
08.1893	129.2
09.1893	77.9
10.1893	80.0
11.1893	75.1
12.1893	93.8
01.1894	83.2
02.1894	84.6
03.1894	52.3
04.1894	81.6
05.1894	101.2
06.1894	98.9
07.1894	106.0
08.1894	70.3
09.1894	65.9
10.1894	75.5
11.1894	56.6
12.1894	60.0
01.1895	63.3
02.1895	67.2
03.1895	61.0
04.1895	76.9
05.1895	67.5
06.1895	71.5
07.1895	47.8
08.1895	68.9
09.1895	57.7
10.1895	67.9
11.1895	47.2
12.1895	70.7
01.1896	29.0
02.1896	57.4
03.1896	52.0
04.1896	43.8
05.1896	27.7
06.1896	49.0
07.1896	45.0
08.1896	27.2
09.1896	61.3
10.1896	28.7
11.1896	38.0
12.1896	42.6
01.1897	40.6
02.1897	29.4
03.1897	29.1
04.1897	31.0
05.1897	20.0
06.1897	11.3
07.1897	27.6
08.1897	21.8
09.1897	48.1
10.1897	14.3
11.1897	8.4
12.1897	33.3
01.1898	30.2
02.1898	36.4
03.1898	38.3
04.1898	14.5
05.1898	25.8
06.1898	22.3
07.1898	9.0
08.1898	31.4
09.1898	34.8
10.1898	34.4
11.1898	30.9
12.1898	12.6
01.1899	19.5
02.1899	9.2
03.1899	18.1
04.1899	14.2
05.1899	7.7
06.1899	20.5
07.1899	13.5
08.1899	2.9
09.1899	8.4
10.1899	13.0
11.1899	7.8
12.1899	10.5
01.1900	9.4
02.1900	13.6
03.1900	8.6
04.1900	16.0
05.1900	15.2
06.1900	12.1
07.1900	8.3
08.1900	4.3
09.1900	8.3
10.1900	12.9
11.1900	4.5
12.1900	0.3
01.1901	0.2
02.1901	2.4
03.1901	4.5
04.1901	0.0
05.1901	10.2
06.1901	5.8
07.1901	0.7
08.1901	1.0
09.1901	0.6
10.1901	3.7
11.1901	3.8
12.1901	0.0
01.1902	5.5
02.1902	0.0
03.1902	12.4
04.1902	0.0
05.1902	2.8
06.1902	1.4
07.1902	0.9
08.1902	2.3
09.1902	7.6
10.1902	16.3
11.1902	10.3
12.1902	1.1
01.1903	8.3
02.1903	17.0
03.1903	13.5
04.1903	26.1
05.1903	14.6
06.1903	16.3
07.1903	27.9
08.1903	28.8
09.1903	11.1
10.1903	38.9
11.1903	44.5
12.1903	45.6
01.1904	31.6
02.1904	24.5
03.1904	37.2
04.1904	43.0
05.1904	39.5
06.1904	41.9
07.1904	50.6
08.1904	58.2
09.1904	30.1
10.1904	54.2
11.1904	38.0
12.1904	54.6
01.1905	54.8
02.1905	85.8
03.1905	56.5
04.1905	39.3
05.1905	48.0
06.1905	49.0
07.1905	73.0
08.1905	58.8
09.1905	55.0
10.1905	78.7
11.1905	107.2
12.1905	55.5
01.1906	45.5
02.1906	31.3
03.1906	64.5
04.1906	55.3
05.1906	57.7
06.1906	63.2
07.1906	103.6
08.1906	47.7
09.1906	56.1
10.1906	17.8
11.1906	38.9
12.1906	64.7
01.1907	76.4
02.1907	108.2
03.1907	60.7
04.1907	52.6
05.1907	42.9
06.1907	40.4
07.1907	49.7
08.1907	54.3
09.1907	85.0
10.1907	65.4
11.1907	61.5
12.1907	47.3
01.1908	39.2
02.1908	33.9
03.1908	28.7
04.1908	57.6
05.1908	40.8
06.1908	48.1
07.1908	39.5
08.1908	90.5
09.1908	86.9
10.1908	32.3
11.1908	45.5
12.1908	39.5
01.1909	56.7
02.1909	46.6
03.1909	66.3
04.1909	32.3
05.1909	36.0
06.1909	22.6
07.1909	35.8
08.1909	23.1
09.1909	38.8
10.1909	58.4
11.1909	55.8
12.1909	54.2
01.1910	26.4
02.1910	31.5
03.1910	21.4
04.1910	8.4
05.1910	22.2
06.1910	12.3
07.1910	14.1
08.1910	11.5
09.1910	26.2
10.1910	38.3
11.1910	4.9
12.1910	5.8
01.1911	3.4
02.1911	9.0
03.1911	7.8
04.1911	16.5
05.1911	9.0
06.1911	2.2
07.1911	3.5
08.1911	4.0
09.1911	4.0
10.1911	2.6
11.1911	4.2
12.1911	2.2
01.1912	0.3
02.1912	0.0
03.1912	4.9
04.1912	4.5
05.1912	4.4
06.1912	4.1
07.1912	3.0
08.1912	0.3
09.1912	9.5
10.1912	4.6
11.1912	1.1
12.1912	6.4
01.1913	2.3
02.1913	2.9
03.1913	0.5
04.1913	0.9
05.1913	0.0
06.1913	0.0
07.1913	1.7
08.1913	0.2
09.1913	1.2
10.1913	3.1
11.1913	0.7
12.1913	3.8
01.1914	2.8
02.1914	2.6
03.1914	3.1
04.1914	17.3
05.1914	5.2
06.1914	11.4
07.1914	5.4
08.1914	7.7
09.1914	12.7
10.1914	8.2
11.1914	16.4
12.1914	22.3
01.1915	23.0
02.1915	42.3
03.1915	38.8
04.1915	41.3
05.1915	33.0
06.1915	68.8
07.1915	71.6
08.1915	69.6
09.1915	49.5
10.1915	53.5
11.1915	42.5
12.1915	34.5
01.1916	45.3
02.1916	55.4
03.1916	67.0
04.1916	71.8
05.1916	74.5
06.1916	67.7
07.1916	53.5
08.1916	35.2
09.1916	45.1
10.1916	50.7
11.1916	65.6
12.1916	53.0
01.1917	74.7
02.1917	71.9
03.1917	94.8
04.1917	74.7
05.1917	114.1
06.1917	114.9
07.1917	119.8
08.1917	154.5
09.1917	129.4
10.1917	72.2
11.1917	96.4
12.1917	129.3
01.1918	96.0
02.1918	65.3
03.1918	72.2
04.1918	80.5
05.1918	76.7
06.1918	59.4
07.1918	107.6
08.1918	101.7
09.1918	79.9
10.1918	85.0
11.1918	83.4
12.1918	59.2
01.1919	48.1
02.1919	79.5
03.1919	66.5
04.1919	51.8
05.1919	88.1
06.1919	111.2
07.1919	64.7
08.1919	69.0
09.1919	54.7
10.1919	52.8
11.1919	42.0
12.1919	34.9
01.1920	51.1
02.1920	53.9
03.1920	70.2
04.1920	14.8
05.1920	33.3
06.1920	38.7
07.1920	27.5
08.1920	19.2
09.1920	36.3
10.1920	49.6
11.1920	27.2
12.1920	29.9
01.1921	31.5
02.1921	28.3
03.1921	26.7
04.1921	32.4
05.1921	22.2
06.1921	33.7
07.1921	41.9
08.1921	22.8
09.1921	17.8
10.1921	18.2
11.1921	17.8
12.1921	20.3
01.1922	11.8
02.1922	26.4
03.1922	54.7
04.1922	11.0
05.1922	8.0
06.1922	5.8
07.1922	10.9
08.1922	6.5
09.1922	4.7
10.1922	6.2
11.1922	7.4
12.1922	17.5
01.1923	4.5
02.1923	1.5
03.1923	3.3
04.1923	6.1
05.1923	3.2
06.1923	9.1
07.1923	3.5
08.1923	0.5
09.1923	13.2
10.1923	11.6
11.1923	10.0
12.1923	2.8
01.1924	0.5
02.1924	5.1
03.1924	1.8
04.1924	11.3
05.1924	20.8
06.1924	24.0
07.1924	28.1
08.1924	19.3
09.1924	25.1
10.1924	25.6
11.1924	22.5
12.1924	16.5
01.1925	5.5
02.1925	23.2
03.1925	18.0
04.1925	31.7
05.1925	42.8
06.1925	47.5
07.1925	38.5
08.1925	37.9
09.1925	60.2
10.1925	69.2
11.1925	58.6
12.1925	98.6
01.1926	71.8
02.1926	69.9
03.1926	62.5
04.1926	38.5
05.1926	64.3
06.1926	73.5
07.1926	52.3
08.1926	61.6
09.1926	60.8
10.1926	71.5
11.1926	60.5
12.1926	79.4
01.1927	81.6
02.1927	93.0
03.1927	69.6
04.1927	93.5
05.1927	79.1
06.1927	59.1
07.1927	54.9
08.1927	53.8
09.1927	68.4
10.1927	63.1
11.1927	67.2
12.1927	45.2
01.1928	83.5
02.1928	73.5
03.1928	85.4
04.1928	80.6
05.1928	77.0
06.1928	91.4
07.1928	98.0
08.1928	83.8
09.1928	89.7
10.1928	61.4
11.1928	50.3
12.1928	59.0
01.1929	68.9
02.1929	62.8
03.1929	50.2
04.1929	52.8
05.1929	58.2
06.1929	71.9
07.1929	70.2
08.1929	65.8
09.1929	34.4
10.1929	54.0
11.1929	81.1
12.1929	108.0
01.1930	65.3
02.1930	49.9
03.1930	35.0
04.1930	38.2
05.1930	36.8
06.1930	28.8
07.1930	21.9
08.1930	24.9
09.1930	32.1
10.1930	34.4
11.1930	35.6
12.1930	25.8
01.1931	14.6
02.1931	43.1
03.1931	30.0
04.1931	31.2
05.1931	24.6
06.1931	15.3
07.1931	17.4
08.1931	13.0
09.1931	19.0
10.1931	10.0
11.1931	18.7
12.1931	17.8
01.1932	12.1
02.1932	10.6
03.1932	11.2
04.1932	11.2
05.1932	17.9
06.1932	22.2
07.1932	9.6
08.1932	6.8
09.1932	4.0
10.1932	8.9
11.1932	8.2
12.1932	11.0
01.1933	12.3
02.1933	22.2
03.1933	10.1
04.1933	2.9
05.1933	3.2
06.1933	5.2
07.1933	2.8
08.1933	0.2
09.1933	5.1
10.1933	3.0
11.1933	0.6
12.1933	0.3
01.1934	3.4
02.1934	7.8
03.1934	4.3
04.1934	11.3
05.1934	19.7
06.1934	6.7
07.1934	9.3
08.1934	8.3
09.1934	4.0
10.1934	5.7
11.1934	8.7
12.1934	15.4
01.1935	18.6
02.1935	20.5
03.1935	23.1
04.1935	12.2
05.1935	27.3
06.1935	45.7
07.1935	33.9
08.1935	30.1
09.1935	42.1
10.1935	53.2
11.1935	64.2
12.1935	61.5
01.1936	62.8
02.1936	74.3
03.1936	77.1
04.1936	74.9
05.1936	54.6
06.1936	70.0
07.1936	52.3
08.1936	87.0
09.1936	76.0
10.1936	89.0
11.1936	115.4
12.1936	123.4
01.1937	132.5
02.1937	128.5
03.1937	83.9
04.1937	109.3
05.1937	116.7
06.1937	130.3
07.1937	145.1
08.1937	137.7
09.1937	100.7
10.1937	124.9
11.1937	74.4
12.1937	88.8
01.1938	98.4
02.1938	119.2
03.1938	86.5
04.1938	101.0
05.1938	127.4
06.1938	97.5
07.1938	165.3
08.1938	115.7
09.1938	89.6
10.1938	99.1
11.1938	122.2
12.1938	92.7
01.1939	80.3
02.1939	77.4
03.1939	64.6
04.1939	109.1
05.1939	118.3
06.1939	101.0
07.1939	97.6
08.1939	105.8
09.1939	112.6
10.1939	88.1
11.1939	68.1
12.1939	42.1
01.1940	50.5
02.1940	59.4
03.1940	83.3
04.1940	60.7
05.1940	54.4
06.1940	83.9
07.1940	67.5
08.1940	105.5
09.1940	66.5
10.1940	55.0
11.1940	58.4
12.1940	68.3
01.1941	45.6
02.1941	44.5
03.1941	46.4
04.1941	32.8
05.1941	29.5
06.1941	59.8
07.1941	66.9
08.1941	60.0
09.1941	65.9
10.1941	46.3
11.1941	38.4
12.1941	33.7
01.1942	35.6
02.1942	52.8
03.1942	54.2
04.1942	60.7
05.1942	25.0
06.1942	11.4
07.1942	17.7
08.1942	20.2
09.1942	17.2
10.1942	19.2
11.1942	30.7
12.1942	22.5
01.1943	12.4
02.1943	28.9
03.1943	27.4
04.1943	26.1
05.1943	14.1
06.1943	7.6
07.1943	13.2
08.1943	19.4
09.1943	10.0
10.1943	7.8
11.1943	10.2
12.1943	18.8
01.1944	3.7
02.1944	0.5
03.1944	11.0
04.1944	0.3
05.1944	2.5
06.1944	5.0
07.1944	5.0
08.1944	16.7
09.1944	14.3
10.1944	16.9
11.1944	10.8
12.1944	28.4
01.1945	18.5
02.1945	12.7
03.1945	21.5
04.1945	32.0
05.1945	30.6
06.1945	36.2
07.1945	42.6
08.1945	25.9
09.1945	34.9
10.1945	68.8
11.1945	46.0
12.1945	27.4
01.1946	47.6
02.1946	86.2
03.1946	76.6
04.1946	75.7
05.1946	84.9
06.1946	73.5
07.1946	116.2
08.1946	107.2
09.1946	94.4
10.1946	102.3
11.1946	123.8
12.1946	121.7
01.1947	115.7
02.1947	133.4
03.1947	129.8
04.1947	149.8
05.1947	201.3
06.1947	163.9
07.1947	157.9
08.1947	188.8
09.1947	169.4
10.1947	163.6
11.1947	128.0
12.1947	116.5
01.1948	108.5
02.1948	86.1
03.1948	94.8
04.1948	189.7
05.1948	174.0
06.1948	167.8
07.1948	142.2
08.1948	157.9
09.1948	143.3
10.1948	136.3
11.1948	95.8
12.1948	138.0
01.1949	119.1
02.1949	182.3
03.1949	157.5
04.1949	147.0
05.1949	106.2
06.1949	121.7
07.1949	125.8
08.1949	123.8
09.1949	145.3
10.1949	131.6
11.1949	143.5
12.1949	117.6
01.1950	101.6
02.1950	94.8
03.1950	109.7
04.1950	113.4
05.1950	106.2
06.1950	83.6
07.1950	91.0
08.1950	85.2
09.1950	51.3
10.1950	61.4
11.1950	54.8
12.1950	54.1
01.1951	59.9
02.1951	59.9
03.1951	55.9
04.1951	92.9
05.1951	108.5
06.1951	100.6
07.1951	61.5
08.1951	61.0
09.1951	83.1
10.1951	51.6
11.1951	52.4
12.1951	45.8
01.1952	40.7
02.1952	22.7
03.1952	22.0
04.1952	29.1
05.1952	23.4
06.1952	36.4
07.1952	39.3
08.1952	54.9
09.1952	28.2
10.1952	23.8
11.1952	22.1
12.1952	34.3
01.1953	26.5
02.1953	3.9
03.1953	10.0
04.1953	27.8
05.1953	12.5
06.1953	21.8
07.1953	8.6
08.1953	23.5
09.1953	19.3
10.1953	8.2
11.1953	1.6
12.1953	2.5
01.1954	0.2
02.1954	0.5
03.1954	10.9
04.1954	1.8
05.1954	0.8
06.1954	0.2
07.1954	4.8
08.1954	8.4
09.1954	1.5
10.1954	7.0
11.1954	9.2
12.1954	7.6
01.1955	23.1
02.1955	20.8
03.1955	4.9
04.1955	11.3
05.1955	28.9
06.1955	31.7
07.1955	26.7
08.1955	40.7
09.1955	42.7
10.1955	58.5
11.1955	89.2
12.1955	76.9
01.1956	73.6
02.1956	124.0
03.1956	118.4
04.1956	110.7
05.1956	136.6
06.1956	116.6
07.1956	129.1
08.1956	169.6
09.1956	173.2
10.1956	155.3
11.1956	201.3
12.1956	192.1
01.1957	165.0
02.1957	130.2
03.1957	157.4
04.1957	175.2
05.1957	164.6
06.1957	200.7
07.1957	187.2
08.1957	158.0
09.1957	235.8
10.1957	253.8
11.1957	210.9
12.1957	239.4
01.1958	202.5
02.1958	164.9
03.1958	190.7
04.1958	196.0
05.1958	175.3
06.1958	171.5
07.1958	191.4
08.1958	200.2
09.1958	201.2
10.1958	181.5
11.1958	152.3
12.1958	187.6
01.1959	217.4
02.1959	143.1
03.1959	185.7
04.1959	163.3
05.1959	172.0
06.1959	168.7
07.1959	149.6
08.1959	199.6
09.1959	145.2
10.1959	111.4
11.1959	124.0
12.1959	125.0
01.1960	146.3
02.1960	106.0
03.1960	102.2
04.1960	122.0
05.1960	119.6
06.1960	110.2
07.1960	121.7
08.1960	134.1
09.1960	127.2
10.1960	82.8
11.1960	89.6
12.1960	85.6
01.1961	57.9
02.1961	46.1
03.1961	53.0
04.1961	61.4
05.1961	51.0
06.1961	77.4
07.1961	70.2
08.1961	55.8
09.1961	63.6
10.1961	37.7
11.1961	32.6
12.1961	39.9
01.1962	38.7
02.1962	50.3
03.1962	45.6
04.1962	46.4
05.1962	43.7
06.1962	42.0
07.1962	21.8
08.1962	21.8
09.1962	51.3
10.1962	39.5
11.1962	26.9
12.1962	23.2
01.1963	19.8
02.1963	24.4
03.1963	17.1
04.1963	29.3
05.1963	43.0
06.1963	35.9
07.1963	19.6
08.1963	33.2
09.1963	38.8
10.1963	35.3
11.1963	23.4
12.1963	14.9
01.1964	15.3
02.1964	17.7
03.1964	16.5
04.1964	8.6
05.1964	9.5
06.1964	9.1
07.1964	3.1
08.1964	9.3
09.1964	4.7
10.1964	6.1
11.1964	7.4
12.1964	15.1
01.1965	17.5
02.1965	14.2
03.1965	11.7
04.1965	6.8
05.1965	24.1
06.1965	15.9
07.1965	11.9
08.1965	8.9
09.1965	16.8
10.1965	20.1
11.1965	15.8
12.1965	17.0
01.1966	28.2
02.1966	24.4
03.1966	25.3
04.1966	48.7
05.1966	45.3
06.1966	47.7
07.1966	56.7
08.1966	51.2
09.1966	50.2
10.1966	57.2
11.1966	57.2
12.1966	70.4
01.1967	110.9
02.1967	93.6
03.1967	111.8
04.1967	69.5
05.1967	86.5
06.1967	67.3
07.1967	91.5
08.1967	107.2
09.1967	76.8
10.1967	88.2
11.1967	94.3
12.1967	126.4
01.1968	121.8
02.1968	111.9
03.1968	92.2
04.1968	81.2
05.1968	127.2
06.1968	110.3
07.1968	96.1
08.1968	109.3
09.1968	117.2
10.1968	107.7
11.1968	86.0
12.1968	109.8
01.1969	104.4
02.1969	120.5
03.1969	135.8
04.1969	106.8
05.1969	120.0
06.1969	106.0
07.1969	96.8
08.1969	98.0
09.1969	91.3
10.1969	95.7
11.1969	93.5
12.1969	97.9
01.1970	111.5
02.1970	127.8
03.1970	102.9
04.1970	109.5
05.1970	127.5
06.1970	106.8
07.1970	112.5
08.1970	93.0
09.1970	99.5
10.1970	86.6
11.1970	95.2
12.1970	83.5
01.1971	91.3
02.1971	79.0
03.1971	60.7
04.1971	71.8
05.1971	57.5
06.1971	49.8
07.1971	81.0
08.1971	61.4
09.1971	50.2
10.1971	51.7
11.1971	63.2
12.1971	82.2
01.1972	61.5
02.1972	88.4
03.1972	80.1
04.1972	63.2
05.1972	80.5
06.1972	88.0
07.1972	76.5
08.1972	76.8
09.1972	64.0
10.1972	61.3
11.1972	41.6
12.1972	45.3
01.1973	43.4
02.1973	42.9
03.1973	46.0
04.1973	57.7
05.1973	42.4
06.1973	37.5
07.1973	23.1
08.1973	25.6
09.1973	59.3
10.1973	30.7
11.1973	23.9
12.1973	23.3
01.1974	27.6
02.1974	26.0
03.1974	21.3
04.1974	40.3
05.1974	39.5
06.1974	36.0
07.1974	55.8
08.1974	33.6
09.1974	40.2
10.1974	47.1
11.1974	25.0
12.1974	20.5
01.1975	18.9
02.1975	11.5
03.1975	11.5
04.1975	5.1
05.1975	9.0
06.1975	11.4
07.1975	28.2
08.1975	39.7
09.1975	13.9
10.1975	9.1
11.1975	19.4
12.1975	7.8
01.1976	8.1
02.1976	4.3
03.1976	21.9
04.1976	18.8
05.1976	12.4
06.1976	12.2
07.1976	1.9
08.1976	16.4
09.1976	13.5
10.1976	20.6
11.1976	5.2
12.1976	15.3
01.1977	16.4
02.1977	23.1
03.1977	8.7
04.1977	12.9
05.1977	18.6
06.1977	38.5
07.1977	21.4
08.1977	30.1
09.1977	44.0
10.1977	43.8
11.1977	29.1
12.1977	43.2
01.1978	51.9
02.1978	93.6
03.1978	76.5
04.1978	99.7
05.1978	82.7
06.1978	95.1
07.1978	70.4
08.1978	58.1
09.1978	138.2
10.1978	125.1
11.1978	97.9
12.1978	122.7
01.1979	166.6
02.1979	137.5
03.1979	138.0
04.1979	101.5
05.1979	134.4
06.1979	149.5
07.1979	159.4
08.1979	142.2
09.1979	188.4
10.1979	186.2
11.1979	183.3
12.1979	176.3
01.1980	159.6
02.1980	155.0
03.1980	126.2
04.1980	164.1
05.1980	179.9
06.1980	157.3
07.1980	136.3
08.1980	135.4
09.1980	155.0
10.1980	164.7
11.1980	147.9
12.1980	174.4
01.1981	114.0
02.1981	141.3
03.1981	135.5
04.1981	156.4
05.1981	127.5
06.1981	90.9
07.1981	143.8
08.1981	158.7
09.1981	167.3
10.1981	162.4
11.1981	137.5
12.1981	150.1
01.1982	111.2
02.1982	163.6
03.1982	153.8
04.1982	122.0
05.1982	82.2
06.1982	110.4
07.1982	106.1
08.1982	107.6
09.1982	118.8
10.1982	94.7
11.1982	98.1
12.1982	127.0
01.1983	84.3
02.1983	51.0
03.1983	66.5
04.1983	80.7
05.1983	99.2
06.1983	91.1
07.1983	82.2
08.1983	71.8
09.1983	50.3
10.1983	55.8
11.1983	33.3
12.1983	33.4
01.1984	57.0
02.1984	85.4
03.1984	83.5
04.1984	69.7
05.1984	76.4
06.1984	46.1
07.1984	37.4
08.1984	25.5
09.1984	15.7
10.1984	12.0
11.1984	22.8
12.1984	18.7
01.1985	16.5
02.1985	15.9
03.1985	17.2
04.1985	16.2
05.1985	27.5
06.1985	24.2
07.1985	30.7
08.1985	11.1
09.1985	3.9
10.1985	18.6
11.1985	16.2
12.1985	17.3
01.1986	2.5
02.1986	23.2
03.1986	15.1
04.1986	18.5
05.1986	13.7
06.1986	1.1
07.1986	18.1
08.1986	7.4
09.1986	3.8
10.1986	35.4
11.1986	15.2
12.1986	6.8
01.1987	10.4
02.1987	2.4
03.1987	14.7
04.1987	39.6
05.1987	33.0
06.1987	17.4
07.1987	33.0
08.1987	38.7
09.1987	33.9
10.1987	60.6
11.1987	39.9
12.1987	27.1
01.1988	59.0
02.1988	40.0
03.1988	76.2
04.1988	88.0
05.1988	60.1
06.1988	101.8
07.1988	113.8
08.1988	111.6
09.1988	120.1
10.1988	125.1
11.1988	125.1
12.1988	179.2
01.1989	161.3
02.1989	165.1
03.1989	131.4
04.1989	130.6
05.1989	138.5
06.1989	196.2
07.1989	126.9
08.1989	168.9
09.1989	176.7
10.1989	159.4
11.1989	173.0
12.1989	165.5
01.1990	177.3
02.1990	130.5
03.1990	140.3
04.1990	140.3
05.1990	132.2
06.1990	105.4
07.1990	149.4
08.1990	200.3
09.1990	125.2
10.1990	145.5
11.1990	131.4
12.1990	129.7
01.1991	136.9
02.1991	167.5
03.1991	141.9
04.1991	140.0
05.1991	121.3
06.1991	169.7
07.1991	173.7
08.1991	176.3
09.1991	125.3
10.1991	144.1
11.1991	108.2
12.1991	144.4
01.1992	150.0
02.1992	161.1
03.1992	106.7
04.1992	99.8
05.1992	73.8
06.1992	65.2
07.1992	85.7
08.1992	64.5
09.1992	63.9
10.1992	88.7
11.1992	91.8
12.1992	82.6
01.1993	59.3
02.1993	91.0
03.1993	69.8
04.1993	62.2
05.1993	61.3
06.1993	49.8
07.1993	57.9
08.1993	42.2
09.1993	22.4
10.1993	56.4
11.1993	35.6
12.1993	48.9
01.1994	57.8
02.1994	35.5
03.1994	31.7
04.1994	16.1
05.1994	17.8
06.1994	28.0
07.1994	35.1
08.1994	22.5
09.1994	25.7
10.1994	44.0
11.1994	18.0
12.1994	26.2
01.1995	24.2
02.1995	29.9
03.1995	31.1
04.1995	14.0
05.1995	14.5
06.1995	15.6
07.1995	14.5
08.1995	14.3
09.1995	11.8
10.1995	21.1
11.1995	9.0
12.1995	10.0
01.1996	11.5
02.1996	4.4
03.1996	9.2
04.1996	4.8
05.1996	5.5
06.1996	11.8
07.1996	8.2
08.1996	14.4
09.1996	1.6
10.1996	0.9
11.1996	17.9
12.1996	13.3
01.1997	5.7
02.1997	7.6
03.1997	8.7
04.1997	15.5
05.1997	18.5
06.1997	12.7
07.1997	10.4
08.1997	24.4
09.1997	51.3
10.1997	23.8
11.1997	39.0
12.1997	41.2
01.1998	31.9
02.1998	40.3
03.1998	54.8
04.1998	53.4
05.1998	56.3
06.1998	70.7
07.1998	66.6
08.1998	92.2
09.1998	92.9
10.1998	55.5
11.1998	74.0
12.1998	81.9
01.1999	62.0
02.1999	66.3
03.1999	68.8
04.1999	63.7
05.1999	106.4
06.1999	137.7
07.1999	113.5
08.1999	93.7
09.1999	71.5
10.1999	116.7
11.1999	133.2
12.1999	84.6
01.2000	90.1
02.2000	112.9
03.2000	138.5
04.2000	125.5
05.2000	121.6
06.2000	124.9
07.2000	170.1
08.2000	130.5
09.2000	109.7
10.2000	99.4
11.2000	106.8
12.2000	104.4
01.2001	95.6
02.2001	80.6
03.2001	113.5
04.2001	107.7
05.2001	96.6
06.2001	134.0
07.2001	81.8
08.2001	106.4
09.2001	150.7
10.2001	125.5
11.2001	106.5
12.2001	132.2
01.2002	114.1
02.2002	107.4
03.2002	98.4
04.2002	120.7
05.2002	120.8
06.2002	88.3
07.2002	99.6
08.2002	116.4
09.2002	109.6
10.2002	97.5
11.2002	95.5
12.2002	80.8
01.2003	79.7
02.2003	46.0
03.2003	61.1
04.2003	60.0
05.2003	54.6
06.2003	77.4
07.2003	83.3
08.2003	72.7
09.2003	48.7
10.2003	65.5
11.2003	67.3
12.2003	46.5
01.2004	37.3
02.2004	45.8
03.2004	49.1
04.2004	39.3
05.2004	41.5
06.2004	43.2
07.2004	51.1
08.2004	40.9
09.2004	27.7
10.2004	48.0
11.2004	43.5
12.2004	17.9
01.2005	31.3
02.2005	29.2
03.2005	24.5
04.2005	24.2
05.2005	42.7
06.2005	39.3
07.2005	40.1
08.2005	36.4
09.2005	21.9
10.2005	8.7
11.2005	18.0
12.2005	41.1
01.2006	15.3
02.2006	4.9
03.2006	10.6
04.2006	30.2
05.2006	22.3
06.2006	13.9
07.2006	12.2
08.2006	12.9
09.2006	14.4
10.2006	10.5
11.2006	21.4
12.2006	13.6
01.2007	16.8
02.2007	10.7
03.2007	4.5
04.2007	3.4
05.2007	11.7
06.2007	12.1
07.2007	9.7
08.2007	6.0
09.2007	2.4
10.2007	0.9
11.2007	1.7
12.2007	10.1
01.2008	3.3
02.2008	2.1
03.2008	9.3
04.2008	2.9
05.2008	3.2
06.2008	3.4
07.2008	0.8
08.2008	0.5
09.2008	1.1
10.2008	2.9
11.2008	4.1
12.2008	0.8
01.2009	1.3
02.2009	1.4
03.2009	0.7
04.2009	0.8
05.2009	2.9
06.2009	2.9
07.2009	3.2
08.2009	0.0
09.2009	4.3
10.2009	4.8
11.2009	4.1
12.2009	10.8
01.2010	13.2
02.2010	18.8
03.2010	15.4
04.2010	8.0
05.2010	8.7
06.2010	13.6
07.2010	16.1
08.2010	19.6
09.2010	25.2
10.2010	23.5
11.2010	21.5
12.2010	14.4
01.2011	18.8
02.2011	29.6
03.2011	55.8
04.2011	54.4
05.2011	41.5
06.2011	37.0
07.2011	43.9
08.2011	50.6
09.2011	78.0
10.2011	88.0
